100
-56 -1 -99 53 -21 83 -56 8 -33 -3 -22 71 73 79 -34 45 46 76 -62 -2 -96 29 88 -66 -6 -87 92 -70 85 -67 -97 -48 -52 -90 76 36 -53 -79 27 40 8 -51 57 82 -40 97 -68 72 45 10 -26 45 -21 -84 29 -76 -83 59 41 53 37 -33 47 23 -97 82 45 -52 -73 -49 89 -25 0 -37 88 4 -61 43 30 20 -62 -12 -28 27 -73 -61 58 82 -96 -55 -29 -14 37 -66 1 48 -5 -76 -56 40
-61 -46 88 -65 -36 83 62 -53 -73 68 30 -83 -85 66 -22 27 19 -33 -36 55 79 -94 -84 64 26 4 86 54 -78 -81 98 27 -41 70 -21 35 51 -86 27 90 38 93 57 -4 72 12 -52 6 -96 -86 60 7 -25 0 51 83 22 42 98 -82 -100 -44 -28 -39 15 -63 -46 -7 -65 -62 19 -58 20 -4 -38 -88 80 -24 -1 64 -95 -1 -69 -71 -49 -92 68 29 -26 28 73 69 -22 17 -93 5 -78 92 -92 38
-34 27 -64 -26 0 -23 2 -20 -67 -19 -49 62 -71 -88 -77 -54 0 -2 -61 78 25 -94 68 24 -44 5 -56 55 62 60 46 -21 44 15 18 -50 43 49 -40 69 63 92 -81 -3 -60 -62 70 -55 20 9 56 55 57 47 71 81 61 -74 -72 14 25 -58 15 86 -71 70 -47 55 77 53 30 -89 65 83 -97 12 -89 -60 43 -50 0 -64 -19 67 5 91 70 -42 -21 38 20 77 76 99 -43 -42 -15 82 39 72
-35 -100 62 90 96 -63 9 -99 48 -4 -90 -14 11 -64 7 22 35 -52 -97 4 -69 -98 -72 -34 -95 82 53 -53 -51 -32 -27 -21 51 -86 18 44 92 -53 -77 58 -32 -45 -80 6 0 23 -25 96 18 15 -55 -23 -100 -57 -40 19 50 -9 66 -79 -65 -46 -57 23 26 5 61 -9 -21 -74 -43 89 90 63 67 30 47 -36 30 -56 -64 -88 -73 39 -15 -76 50 51 96 -12 -42 -89 35 73 -84 -82 72 -14 -45 -26
-39 62 -80 72 -11 -35 -26 -33 98 16 21 -67 -88 47 45 6 59 -89 -93 -97 51 37 55 -75 -59 -66 27 48 91 28 -20 15 20 6 34 -49 66 -56 -40 93 -40 98 48 26 -55 10 -6 -51 44 10 84 34 88 16 26 36 -40 -78 35 67 2 69 -15 -44 37 5 -31 45 27 -51 -1 -40 32 -12 -34 59 -100 -69 -71 -46 27 0 8 -16 71 -60 -65 29 -15 -99 -52 13 63 70 56 -39 -5 67 -25 -10
17 33 21 33 -5 -77 8 -64 -55 -58 -52 -51 -27 44 33 8 -40 -21 -35 -65 14 18 -11 78 57 71 40 82 -39 -58 -92 -61 68 71 -11 79 -66 68 40 30 30 -40 -1 5 30 74 42 -30 94 -76 46 -41 -64 -41 -78 -49 -5 67 59 -45 64 10 -31 34 -70 62 -19 -70 24 -8 62 -73 -89 -95 -7 25 -100 -38 6 -14 -76 82 -2 57 -46 36 -12 -78 -55 44 -81 -29 -13 7 73 -84 3 -57 -2 80
10 37 52 -89 33 80 -34 80 76 97 44 71 -41 -23 54 67 -10 -38 81 12 60 -35 -12 -23 -88 -50 -18 93 88 22 -40 43 -83 -12 -44 -97 24 5 9 21 58 66 -100 63 -87 -50 -100 -84 82 7 44 -6 -64 59 95 -54 -38 -31 7 -77 -91 -89 38 0 -76 68 -76 -32 9 -76 79 57 16 52 99 15 -29 35 29 78 -28 43 2 -65 86 -66 75 96 -25 6 -63 74 -75 -22 56 -60 -72 -48 87 81
37 80 34 2 5 -11 6 50 -38 7 61 -9 -63 -39 14 -78 59 -12 57 -92 6 5 -35 -33 -37 -58 78 60 -85 -100 62 -40 -56 79 7 -53 15 -38 -59 30 78 37 82 12 28 -6 -70 88 30 -12 -69 -87 88 -35 62 93 -60 -42 -78 0 69 -64 -51 6 -51 -29 -91 24 -72 72 -94 50 71 87 -42 -55 71 99 17 46 -56 55 -14 46 -62 72 53 -34 30 -37 -46 -72 -78 66 24 54 13 69 21 89
-50 54 91 -39 -14 -38 86 -81 1 95 -87 66 69 -34 90 15 -21 -15 -70 34 72 4 19 72 -19 -97 -56 -25 -40 -43 -54 -42 39 70 -84 42 3 -83 80 -41 24 -68 -74 -97 -11 23 -34 -62 53 -82 64 84 8 -24 -62 -71 82 91 -87 77 18 -72 72 -29 33 -8 41 5 -24 -40 -66 -34 96 -22 -54 -29 60 -40 -32 -72 64 -25 -39 -81 -47 -14 -14 -34 -23 94 79 -99 2 -40 -95 71 -89 -12 95 43
-90 -38 94 97 66 76 49 -4 -76 49 86 7 -15 -74 29 40 40 -61 -13 24 9 68 -32 -66 -56 -3 -9 -67 90 -34 -22 -77 -79 -4 8 -19 -6 -72 -80 -16 -56 -38 78 -17 13 -9 -21 83 59 -83 -35 62 -11 -57 70 -44 60 -35 -74 -90 94 80 11 -95 -51 57 -70 -61 -64 66 98 -97 -48 -83 -81 0 90 96 79 -3 71 51 47 49 8 -7 33 -89 -51 -98 13 -70 -19 -50 -2 8 -84 -95 18 96
38 70 15 73 -58 -35 -49 -39 7 79 -6 86 13 -3 92 -24 -78 99 -46 -92 98 -5 39 26 58 -20 54 -28 71 57 -91 -50 43 -66 66 30 -10 -71 33 -38 -100 -7 -37 -26 -88 -23 83 -78 0 37 75 -15 13 -5 -83 10 -91 -41 -95 -17 -6 -42 -10 -60 85 -27 -17 -35 95 -38 -12 -51 -53 -28 -70 12 -45 23 -72 56 -44 37 -78 -93 -70 -39 -12 92 60 57 -75 18 64 35 -15 7 -79 79 0 47
86 -8 2 -5 -25 38 66 -6 -11 62 -56 40 -40 35 -44 -72 42 47 -4 -30 14 4 -52 -52 60 -88 59 46 -45 75 -28 -83 82 -79 85 16 -84 -31 -51 89 1 -32 -64 27 43 -76 -69 84 -60 -79 -44 -92 11 15 81 89 15 -7 97 -84 -84 70 21 37 87 61 -50 -22 -18 -76 29 37 -51 -45 -9 -8 -31 -36 -20 42 32 30 -23 -85 58 83 -96 -78 -70 92 -74 -73 51 27 97 2 -10 -90 73 98
5 -95 65 30 2 85 35 -25 -41 -9 81 -41 -68 -54 30 -96 -4 24 73 -25 -98 -28 -39 19 -23 91 54 -18 94 -94 -43 -29 -23 -28 -48 -91 -1 -70 -56 -98 26 -48 21 -4 9 0 57 27 65 -87 -97 -8 -37 -93 28 45 -74 67 13 -15 -83 1 -31 16 62 44 -96 -55 -70 78 14 63 -45 -19 -62 5 -3 -41 19 74 39 -71 -47 93 -64 -95 -12 35 -33 2 14 23 -69 22 80 -42 -27 -78 64 -2
-92 39 37 -69 69 -89 34 22 -23 91 -28 82 -32 -98 -2 -37 28 -40 49 -54 -52 -62 -40 21 94 -40 98 20 20 1 -45 -33 -71 -47 -56 -92 -58 50 68 -90 38 -50 71 -72 74 -95 79 -98 -23 36 -30 75 -35 56 -47 -82 -14 -80 -34 -64 -3 57 -72 -93 -29 -42 -27 -14 -71 27 82 10 7 75 8 -40 -24 28 -11 -43 38 -39 79 -59 56 20 98 -93 -73 43 -81 71 -19 71 6 0 -96 -19 24 -66
70 6 45 70 18 11 -8 -9 -36 21 43 49 94 -9 -45 -32 2 31 19 86 16 30 15 66 85 15 2 -37 -86 -42 -20 -33 -57 -21 -88 77 80 -59 90 86 2 -73 16 24 16 -50 31 95 51 -87 42 47 82 -17 -30 80 -44 33 -73 -17 -40 -67 56 21 -47 8 -44 73 46 -88 -100 32 -91 63 -24 -15 71 87 -79 40 29 20 -55 16 40 94 -55 20 -71 2 -88 26 -92 59 -44 -54 94 -45 -39 -40
-78 -27 -4 9 -28 -34 16 34 -8 -60 -34 -18 -12 78 61 95 34 27 59 7 76 -58 -45 -47 -71 -79 -76 -41 -70 47 -52 -71 66 14 -93 96 14 88 -35 -92 75 -81 89 15 -60 57 -72 44 43 -66 -54 -63 27 -78 -93 54 -3 46 80 57 -96 51 -41 74 23 3 -8 -98 -73 -70 -55 -83 -70 -89 -47 16 -98 46 -82 67 -75 -94 -81 4 26 40 -74 -90 85 -38 -63 -65 -90 -31 26 97 94 89 82 -14
28 -31 -15 53 -75 -1 73 22 -18 -53 -39 41 7 -21 35 -20 -3 -38 -16 -8 -80 -27 99 48 80 -29 20 -88 -69 -87 -68 -53 -24 92 46 54 -25 -51 45 -9 -91 89 46 -91 -43 47 62 -77 -23 -55 83 72 43 93 96 -11 -71 20 -25 -85 -15 97 -51 -4 -64 -2 -81 50 -46 -78 90 -60 -29 30 71 -34 -84 77 1 -58 -61 4 -57 78 -56 -25 -24 23 14 -78 -72 80 -22 -3 83 -19 -89 -5 -11 -97
-25 40 17 -82 -5 -31 -48 -23 -64 64 96 44 -30 -82 -95 41 -28 78 63 37 16 74 -74 -53 4 -49 45 21 -49 -74 -15 -75 79 17 -13 -15 -49 -97 92 98 -8 69 12 -67 23 -99 44 71 -42 -60 -28 93 13 10 57 76 -24 31 46 55 -35 -41 92 58 50 0 -25 51 85 14 -62 -52 -31 88 43 95 82 80 46 69 -1 27 -44 73 -54 -30 63 66 25 -96 -84 -80 -42 -4 81 -5 -20 18 53 49
72 30 48 -11 64 27 4 76 37 -92 82 59 22 -67 78 70 -16 -79 -58 19 46 -81 -24 -76 -57 94 15 51 -23 -68 16 88 75 34 74 25 -92 -35 -15 88 9 -25 -57 -65 52 50 27 57 59 11 49 -54 -60 -59 -46 -18 62 19 -47 -61 -11 -83 94 -40 -70 56 96 86 -53 95 -22 99 38 -21 53 -45 -13 47 -36 -70 62 -53 79 -56 48 -98 -49 -50 42 84 -50 59 -84 -71 -47 -57 84 -27 -45 -26
22 -18 -33 -31 27 61 70 83 9 -4 94 61 10 -71 -95 -70 6 -88 76 -24 84 -33 86 -97 59 48 85 51 81 14 -99 -24 52 93 -11 -67 -1 70 22 -37 34 -93 -51 23 67 -38 -6 71 72 -40 7 -71 -42 93 66 -38 85 -85 -51 1 -35 33 -23 16 86 70 87 11 25 43 -54 -92 -58 50 -79 74 -88 -13 -82 -16 -84 -31 96 -78 43 -59 61 43 27 -38 31 20 92 87 36 60 -83 -33 -75 -32
60 -11 47 -20 -62 79 96 62 94 -32 23 -8 -55 67 -42 -52 94 97 89 66 75 82 2 51 70 -77 -24 58 -40 65 79 -86 -90 -39 8 -17 -58 -97 46 66 -63 56 7 73 -58 -77 25 -31 93 17 38 59 66 -41 8 -47 -63 32 -95 31 -51 -20 -36 86 -51 95 2 29 -68 93 -66 84 -89 85 18 -53 78 -48 -31 78 -1 -65 -83 -81 -74 65 -77 31 -9 24 -32 92 67 34 -8 -86 -11 -68 8 -39
-34 -3 -44 40 -9 -49 -94 -31 -25 -73 95 95 -92 -44 74 66 -35 45 35 -90 -41 -51 13 0 -95 61 31 -69 -58 32 -75 93 96 18 44 -81 -63 -96 -75 94 -98 54 -96 51 86 14 4 37 37 -76 -18 -71 59 67 -38 -18 -32 94 39 -28 16 -1 -61 29 -3 1 46 33 29 -74 59 -82 -50 -28 -47 -10 72 -91 97 90 89 46 -96 -21 57 69 -76 -37 35 -56 -81 96 11 -7 -95 -9 -66 -5 8 -46
33 -7 -43 -43 28 -54 -65 35 -98 40 91 90 -26 47 -33 -19 15 94 -77 -25 -44 -16 -8 9 39 -45 -55 -74 -30 -83 24 21 49 -81 -41 63 -78 -93 -64 -63 -50 83 43 54 -88 98 80 15 80 64 66 -98 62 30 66 66 -71 -50 46 -34 -36 52 -5 -50 -74 -96 85 67 -61 32 -78 -11 -25 -81 43 47 83 53 52 53 72 -3 33 46 -82 55 55 -58 33 18 12 -81 39 82 69 -30 -34 58 -62 -38
-39 90 -90 52 -20 -12 97 -46 16 -98 42 -82 -79 64 26 2 46 34 -45 -14 15 50 12 13 99 90 -97 -21 89 58 -30 -28 -75 -28 -24 20 31 19 -91 -13 88 -38 12 7 5 -20 3 -7 6 73 -36 58 -60 -40 55 -93 19 -52 73 -65 2 -26 -72 79 53 77 -24 -91 -9 65 13 -93 54 86 -11 -16 24 -4 80 7 -47 -34 -67 -11 -94 5 54 -19 4 47 -65 -17 88 -67 25 -97 14 90 84 10
-51 37 -45 93 -83 -91 -36 86 52 35 -34 81 -18 36 -68 81 -93 47 20 67 19 60 -51 -43 94 35 -59 65 -9 -56 22 -25 6 46 77 60 -9 -51 59 55 28 -21 -31 48 67 85 -9 35 56 -17 15 42 -51 -52 -28 32 -92 -14 -81 -60 85 22 -66 -92 -2 -92 -81 56 19 50 -97 -39 -93 -19 16 -6 -62 -98 7 -95 33 -100 -31 87 19 20 68 -88 7 55 37 -66 23 36 91 -85 -71 -29 70 81
-13 94 -62 -80 -27 -99 70 0 -73 -18 75 77 94 67 -34 70 -3 -15 27 48 -10 -45 -50 -81 -11 64 80 6 -7 -52 -46 47 -97 48 1 -80 -49 -89 -21 -53 -12 -80 62 52 -73 -62 55 -72 21 -22 13 -9 -53 1 -22 -26 -84 -5 0 -61 -10 -18 61 -16 -75 -46 54 -66 -42 -7 -51 80 30 -44 -65 14 85 -55 96 9 -21 -58 2 -92 81 -35 95 30 -66 52 42 -8 84 -46 24 -2 98 56 -90 -24
79 8 75 -2 -19 80 -61 -44 71 19 -83 -89 58 -73 79 -58 17 83 99 -88 -88 -61 32 -92 -3 67 -32 -73 37 80 -33 37 -56 38 90 39 32 51 83 52 -94 -38 80 16 14 37 66 89 -35 -88 75 87 -35 78 27 -96 -82 -33 41 4 20 0 -8 -62 77 -91 0 13 10 68 -35 52 -58 45 -27 -62 47 68 6 -15 36 67 -69 42 3 -6 -9 62 -21 -59 51 -11 -44 96 74 -61 -44 44 -47 -89
10 4 39 -65 -18 -2 10 -6 78 12 -14 -46 -17 -41 24 96 77 78 28 -53 91 44 76 12 -85 -41 92 -32 -11 -80 -47 -87 -22 66 38 -20 86 59 1 9 -9 45 -3 98 -7 71 49 -99 -15 61 -25 11 90 -16 36 -12 90 13 75 3 -73 -41 -13 37 -18 11 -71 80 61 96 -68 -78 -38 -11 17 0 -75 31 54 61 29 94 67 -92 3 26 39 17 -12 76 72 -5 74 -37 -13 -68 92 76 -25 -39
10 0 42 -11 -11 -36 -36 -41 -80 -6 -48 7 -52 -86 -28 -17 -11 -6 32 -67 -86 4 94 -95 -99 97 -100 90 40 60 23 -53 -4 -77 -28 77 -84 -28 21 -40 10 -59 -46 -62 27 -50 -37 -87 84 13 78 52 29 -72 39 13 14 4 -44 -59 72 54 -16 91 -69 32 -40 -24 -11 -18 -88 48 -95 25 6 39 23 35 6 29 -30 -45 94 38 -66 -17 -67 29 35 -38 -20 -10 49 97 -68 14 -42 44 -14 -55
-12 -17 -58 -73 -50 44 -45 -16 60 46 -53 -34 -35 -4 76 22 59 21 -90 97 34 -36 22 31 -67 57 -42 -91 -51 81 7 6 10 -98 32 -70 -69 76 0 -52 -18 70 -48 -89 -100 74 52 -88 -86 99 0 85 95 69 74 -26 -73 51 -8 75 -16 -72 -25 61 -90 10 61 33 -63 -36 32 18 90 75 -18 14 86 -23 -23 66 60 -63 -39 -96 7 -20 -24 29 28 -83 46 -41 -99 18 -56 98 1 47 -53 91
20 46 14 -4 -61 -66 4 -85 60 34 -31 65 92 35 -12 -93 -8 -9 -39 -18 -40 10 -86 -68 -94 -48 68 -19 19 16 -100 57 -95 -21 -10 -15 19 -12 -56 -92 -8 -51 23 -51 -52 -70 3 30 34 -69 3 -87 -86 50 16 58 21 19 -55 77 -59 -26 11 96 8 -16 -51 37 45 93 -82 -3 52 -49 -67 24 -89 -55 28 -55 97 -22 38 88 -89 68 1 -6 -19 75 12 80 91 94 59 40 -87 65 -91 41
-99 71 -17 -87 -46 11 -35 -61 10 -48 -81 82 -97 -16 20 -16 56 2 -1 -53 26 -4 -78 12 83 -9 61 1 95 45 65 86 28 -60 50 53 -58 47 -43 97 27 25 -48 -21 -8 -9 48 26 -98 12 97 51 -41 80 67 81 -7 -56 -16 -17 60 -9 -1 -22 43 -44 -8 65 39 -69 -87 99 85 36 -95 73 -51 -32 32 -1 -64 -25 -58 -87 -34 -34 99 -75 -62 2 39 87 -53 69 17 -78 39 -44 7 -66
13 -62 81 -2 86 81 -81 -24 -14 45 -28 71 59 -42 -52 -98 63 88 76 62 -47 89 -99 46 73 10 91 -25 69 80 50 -70 87 -30 21 -94 48 -89 -47 18 -10 -95 -90 14 85 -48 -19 96 -13 40 -30 38 -1 15 -38 -95 -60 -2 24 -19 38 56 -62 -70 -85 -15 -52 58 -8 -57 -52 -50 -69 96 59 57 51 -80 45 -88 -50 85 59 -23 -13 -77 -43 -57 98 44 -97 -32 -48 -38 -8 76 2 29 -77 -87
-27 -83 2 -59 56 -90 58 -55 69 -39 -58 95 -42 -28 90 5 -3 23 -37 -25 -86 83 -55 -18 -56 77 33 -63 16 -27 55 -32 18 -81 -79 -28 10 57 67 81 -3 -1 82 82 21 25 -69 47 66 74 81 -29 11 -88 52 83 -76 -40 21 25 -3 94 0 -65 -29 -80 83 23 9 -67 38 -44 11 -49 14 80 -76 10 -68 -8 28 -78 -30 -64 65 93 10 -62 42 39 -79 81 -74 -82 24 -95 37 -80 50 6
-79 -31 90 49 -2 -70 38 -28 44 -95 96 53 -43 69 63 50 -49 -89 -27 -48 94 -99 76 67 99 12 -29 58 -87 -100 98 -100 38 89 -50 2 15 -48 68 -75 20 -41 91 -92 1 76 22 78 -27 94 -84 11 -74 -62 2 85 -7 14 -77 38 -28 -84 -98 31 -34 -41 66 88 25 -11 64 -88 -52 -52 -89 28 -48 26 37 54 20 -74 -8 -10 -33 -76 94 -45 -61 -65 97 30 43 40 63 40 57 -85 89 19
-83 -46 -65 5 74 -61 -88 12 78 -3 15 -90 -27 -84 21 -82 -83 -93 -70 -29 -88 64 -15 20 29 -25 -6 -83 -75 -3 -81 -78 30 -96 90 14 -83 35 -82 13 -95 63 -52 56 13 71 -88 -92 -74 25 92 -88 20 85 8 58 -16 -15 7 4 -50 69 69 -78 62 -58 -16 -77 -75 47 -3 81 34 -46 67 67 -31 60 -84 -24 53 -29 39 35 -62 -59 -30 8 -64 87 69 34 55 -45 -45 -44 39 30 32 37
18 62 70 -77 26 -59 11 -90 -76 -40 63 59 32 -3 88 -20 -7 55 -74 -90 26 -8 -82 67 -36 21 -22 -13 -1 -93 -37 19 54 46 -83 -89 45 -30 0 26 23 13 41 50 97 -37 22 -24 67 50 -83 5 39 -61 -64 -9 91 -90 -26 -89 -44 37 16 -63 -5 42 -12 23 80 -39 9 -71 -82 68 21 76 12 -16 -37 -16 92 6 -52 -34 90 -95 7 88 -94 83 59 -36 -13 82 -2 -32 -4 -81 10 94
0 -71 -16 -80 36 37 -8 -38 96 47 -25 67 -27 44 34 -5 -38 -13 54 52 41 57 85 64 53 2 -95 84 -58 28 -42 -57 -66 -7 -46 7 14 -74 -20 31 63 44 46 50 74 10 37 12 -5 -20 94 -97 95 -10 5 -9 -43 30 71 -11 91 28 -46 18 -36 -93 16 70 63 -39 -14 -95 66 90 -70 -30 -95 -84 17 -56 -3 53 -56 83 9 40 -46 -56 -89 -2 -10 66 -17 -38 -12 83 -14 -92 -98 97
41 25 -53 -35 -95 -80 -57 -13 71 77 -87 27 -92 -24 24 90 68 -29 -70 56 70 22 62 71 54 92 -9 -31 -77 50 -55 -41 13 -97 -11 76 -66 61 -43 -9 40 61 -63 -82 51 67 27 68 6 61 12 -47 6 -27 32 87 -32 -70 19 -18 -34 43 -94 -75 -45 -84 16 -91 -85 10 -33 -82 -68 -70 -61 -11 -95 78 34 -24 -3 50 58 69 85 -68 39 -74 68 -61 -74 82 43 2 46 67 -25 -87 53 -68
91 -55 -70 16 -96 30 -45 34 50 -34 99 -43 82 -71 24 -5 -9 75 -65 -20 -54 39 -68 -16 70 9 90 -7 -9 42 -99 98 -30 -39 -62 51 -85 -27 -17 -48 -56 -62 -55 -89 92 58 -17 30 -36 -69 -82 -44 -21 -6 27 8 -77 -31 39 -55 -27 76 20 18 -47 -18 97 -24 14 33 22 84 91 -100 77 86 66 -24 61 98 -98 -89 -69 -85 -13 15 69 52 62 81 -86 15 -76 39 25 20 -12 17 -75 -46
22 -37 44 -3 -67 24 -78 42 93 99 3 -25 0 -90 -2 61 -19 -36 -29 -67 82 84 -41 -38 -77 -10 11 47 24 -47 70 -59 -37 -3 -57 -60 88 16 -52 -91 23 -26 40 -31 61 -78 80 30 -82 25 -99 -38 48 -5 72 -44 -63 -18 68 3 -69 -88 84 8 -28 70 -68 38 -36 -23 -68 31 -19 -50 91 -73 67 77 -40 11 0 66 4 2 -7 50 -97 -64 65 -11 -3 -60 -3 -92 84 79 -61 -96 53 97
41 -66 5 58 -50 -52 -14 46 -100 32 73 -94 -41 14 -7 -81 56 -10 -47 -88 78 -89 -93 -40 95 -44 82 -26 -65 44 36 99 -9 51 68 -1 21 57 -31 -57 67 89 -35 -29 0 73 8 -71 52 -32 -32 18 9 41 19 -61 -49 -60 -14 34 79 -23 -96 47 -81 97 80 -12 -10 23 -66 -41 -98 -56 44 -64 57 32 -23 84 -7 74 91 80 -72 73 5 -19 -88 -52 -30 9 64 68 -39 -7 44 89 -60 76
-35 84 -78 -26 56 -43 18 -59 55 51 20 63 71 -89 12 59 -43 -52 67 -52 44 -78 -71 -71 83 6 9 -43 -27 85 22 -63 -7 19 -49 40 -73 85 95 90 -42 19 93 57 14 32 -90 45 30 -36 -52 59 -40 33 -46 -76 -27 -43 37 76 74 64 -59 91 72 69 -6 -57 71 67 -58 -14 47 -9 -74 79 49 -93 57 -74 49 72 -8 -14 -11 -68 23 35 -24 -70 -16 54 -22 -34 60 -44 -59 -52 -89 49
97 -98 19 -40 54 -58 36 -72 39 -54 -50 85 -96 40 55 -38 87 90 17 -64 14 -42 -24 87 -98 -68 63 -46 -73 -62 -89 63 -14 13 -56 89 86 37 71 30 -9 7 86 -36 -94 75 -99 -55 41 27 12 -85 97 22 20 73 -10 -33 -95 91 -44 -51 -38 -11 88 -21 -70 26 -87 52 74 7 -49 -43 -99 -18 -80 -25 33 44 66 -11 55 73 62 58 15 -1 22 -93 -36 -73 82 10 -4 -26 -83 -49 -72 97
-13 -80 58 57 91 41 -45 91 -96 8 -18 -32 51 -9 10 71 -93 84 -46 55 -52 63 75 -49 -7 91 78 -32 46 -67 -30 85 44 -23 -16 -56 47 -47 0 -61 -44 16 9 -71 -2 -96 -28 78 -20 -47 -82 51 -71 93 -6 48 13 84 -99 46 -14 -81 -32 24 65 52 62 29 -50 -39 86 -82 -50 -55 3 74 -100 89 -29 64 25 -10 76 65 -33 -29 56 93 -62 -32 18 38 -97 -29 3 22 63 29 50 -20
31 -68 91 72 24 68 -4 31 46 91 -26 24 -7 34 90 -66 -55 85 54 46 4 90 -99 -100 95 70 -68 -66 -38 -64 40 77 39 -22 19 7 -94 95 6 -32 -93 96 -95 16 -85 -87 -49 51 59 40 68 -92 -84 54 -89 -13 -37 13 18 25 -79 45 -91 67 94 3 80 12 -86 -31 -95 12 78 -56 3 65 9 64 -47 72 -49 -29 -6 -33 -73 91 38 35 36 58 -58 5 95 51 -16 99 17 -52 83 31
-53 39 49 -98 -6 97 8 23 -13 -13 91 55 -90 -80 -93 96 8 87 -22 94 94 -61 22 -12 -85 79 -98 95 -13 10 5 -98 -31 65 -41 88 -91 -76 -34 -36 -93 -11 54 -18 15 -93 -7 -72 -44 6 -26 -60 -57 -17 -48 -39 -7 -3 0 -80 -24 4 0 18 16 11 88 -90 -39 74 22 97 98 26 -65 -74 12 -92 -67 44 -64 -54 -10 79 86 -61 9 -30 -81 63 35 -55 59 90 97 -35 44 16 -47 -53
10 18 -20 -98 -67 -96 98 59 -10 -21 -13 -53 -69 -67 -7 58 -45 46 31 -47 -99 -51 -75 36 78 -40 -48 99 -69 -85 -42 59 15 73 14 -52 81 -70 -35 -60 -47 -38 0 6 56 -63 -81 -7 -46 -97 -19 -82 37 76 9 -42 -17 -27 63 30 -10 -39 -100 -87 -30 -78 20 96 98 -59 70 -91 46 37 -8 -60 96 44 74 3 26 -70 24 60 21 -74 88 38 -8 43 3 95 -52 64 51 -43 -92 44 -14 -83
-65 -35 45 37 -23 76 64 3 42 -5 40 48 -41 -17 66 -35 4 -29 51 22 55 -4 -13 1 -18 -47 91 -9 80 31 99 85 55 52 43 -29 62 -40 6 -68 -27 -20 88 87 17 -94 59 -67 -99 -48 54 93 -36 84 73 -86 38 -30 39 50 -46 -45 -51 -4 54 74 -83 -58 11 -89 48 24 13 65 -23 17 80 -4 56 28 -56 -93 69 96 48 -61 81 -22 59 -99 -75 70 36 51 78 60 9 33 0 10
81 52 -79 -2 66 11 -48 86 91 -89 36 5 -47 -100 56 -73 5 46 -63 16 83 60 -28 -67 -88 -72 -65 11 -46 20 74 -5 22 -88 -13 73 -64 -79 -53 -3 -16 78 -9 55 -41 -66 -27 -94 63 19 -85 86 -13 61 66 -42 -63 -62 -93 93 21 -8 9 -11 -81 46 -42 -20 -47 12 -84 -46 -71 53 20 82 8 48 -8 23 -71 -70 45 1 -65 74 -12 -71 -90 19 -14 -20 -58 -20 -60 -54 -17 98 42 52
77 -44 -45 32 -26 53 -58 52 26 29 -50 31 74 -25 -79 -16 -38 21 -23 24 79 44 75 8 -58 -55 38 6 -55 28 -96 -92 92 61 -91 -8 83 -86 -67 -65 -81 -91 31 34 -37 -81 41 64 -68 58 -56 -39 83 -84 56 96 -39 51 -42 -24 74 -40 -13 -47 82 6 9 -20 58 9 -97 -21 96 20 17 -3 -45 83 -81 -60 10 -33 -20 -55 94 11 -42 84 -44 32 13 65 20 -52 -29 -81 -26 93 22 1
-67 31 -15 -75 -23 -72 82 8 1 -100 -22 -14 -76 20 -35 -56 25 -96 -50 -57 -28 97 63 -9 -42 -19 -41 51 -99 -75 -63 -19 64 -75 -58 -89 -35 41 -75 -74 -93 -55 -99 84 -97 16 -65 -78 -96 3 -19 -79 -64 21 62 95 -58 92 -4 -93 13 -33 81 -1 -84 15 -69 -14 -48 29 95 88 67 -96 -3 -30 -86 -44 73 60 -19 21 4 -95 59 50 -63 4 -1 -86 -84 -59 -30 -67 25 -42 -81 -22 87 -18
13 80 24 84 -54 -93 -50 -18 -6 24 -2 -31 -52 -9 -72 -98 61 -30 -69 -13 -13 -78 -40 -73 -63 25 23 63 -73 13 -80 -37 -29 99 89 -57 45 88 40 6 19 -95 -36 13 -4 -53 95 37 -91 -97 72 -35 87 -76 -60 31 53 -36 -90 -83 61 72 63 25 31 70 -99 -10 -2 20 -35 62 28 95 17 -98 -81 41 86 -77 -99 76 4 -58 -8 -62 -48 89 -25 -55 35 25 -30 35 54 -34 90 -7 70 -35
62 -66 -41 98 75 99 -21 67 74 -5 -98 -51 96 -64 -100 -87 -43 90 76 4 96 50 5 77 -97 -55 -49 -59 6 58 23 -8 -38 -80 38 -14 99 25 -2 -41 73 42 -75 32 19 -12 55 -93 92 -7 -57 35 4 40 96 95 -6 22 -25 90 -99 -3 -89 12 -89 13 -44 46 38 -93 -20 42 -27 66 90 31 97 84 -16 -3 49 60 73 -76 -47 -25 24 4 6 -49 70 58 99 -78 61 -66 -84 97 53 81
-23 56 -62 16 72 29 46 -3 66 -75 95 -51 -83 30 41 75 22 99 -82 -10 86 35 53 9 -96 -87 46 -10 86 42 -72 -97 54 92 4 -54 14 -95 58 70 -30 -20 -28 -27 59 5 -23 -57 -90 52 -67 15 40 -53 -79 -8 31 89 -35 50 80 -25 -30 33 23 43 34 -23 70 75 -73 20 -84 -15 -100 -95 0 62 -16 12 45 10 -52 -76 -66 47 57 86 17 75 19 -44 -24 -87 25 7 -57 -58 87 76
-41 6 -78 -3 -38 -68 -69 -16 -95 16 60 86 29 -2 60 -99 -5 97 -56 -53 -14 22 -93 -95 85 12 67 -21 -91 -39 -85 -84 24 51 51 5 78 -21 -94 -28 -21 -11 52 -7 -44 31 53 -91 -94 -63 -62 76 10 26 -52 6 -21 -76 -90 19 -64 9 -2 -29 81 51 -38 -92 73 20 93 87 -58 -87 -51 89 -8 93 56 58 -50 7 69 -62 -45 31 -35 -50 -59 77 5 7 51 -85 32 91 -48 -10 -77 53
66 -65 2 57 69 -53 -8 76 -47 -9 -15 78 -58 -58 -88 66 73 45 8 -22 65 60 -32 -61 -61 96 -23 31 -94 -37 -63 51 49 51 -17 -4 -10 -91 6 76 61 83 -70 -88 -75 -63 -67 15 -89 53 -79 25 -17 66 -88 67 76 -37 -83 -11 36 -99 -19 -78 7 -100 -46 -55 -69 15 16 -71 75 -18 73 -7 35 -2 -87 -78 84 29 92 -36 -78 74 16 52 42 -55 -26 75 -34 -47 -24 13 43 -27 -16 -94
87 7 -20 13 -99 -83 -11 -26 -63 -87 -44 72 64 67 -58 -80 23 79 17 -1 -21 51 59 65 -34 90 69 -69 -62 34 -46 -47 91 -56 37 39 34 -21 -26 95 66 92 75 -38 9 -31 13 27 48 27 2 4 -79 -28 -3 59 21 99 61 -82 -97 -78 65 63 -59 31 -63 67 -10 -71 60 77 -72 60 2 20 71 94 -28 79 34 80 -50 21 7 -13 27 -39 66 -42 30 -15 51 -1 -12 45 68 -33 -21 43
8 -20 66 5 59 -16 6 -17 -69 33 -12 18 6 -86 -74 -81 -57 42 87 35 89 59 94 64 43 1 -38 -52 -93 11 41 14 -81 -21 -1 76 -9 16 80 93 59 99 67 -16 -18 71 33 -83 -80 -75 83 -10 50 70 39 78 -25 -52 -66 14 -53 7 -90 47 -50 95 -65 -23 -60 9 42 -49 11 -74 -86 -97 38 -74 -91 96 -11 -77 89 -99 -65 -73 -88 81 99 -85 30 -80 81 89 37 15 68 -18 -15 72
-81 -52 92 -20 56 63 52 -73 86 -32 -92 -93 -100 -15 -21 -69 48 39 -86 -48 -71 -8 22 -87 61 42 83 27 56 12 10 -50 1 -15 -86 -77 28 54 -45 -9 21 -27 68 65 34 -21 -19 43 -54 -7 -76 -6 6 62 -44 -65 -66 62 50 41 71 -24 15 -7 -4 58 26 -5 -7 -67 -14 1 14 69 -89 -9 92 -33 40 41 -27 86 26 77 -45 40 20 -67 74 97 83 -70 -9 -85 93 -16 -90 -23 -3 33
66 -52 -51 -85 -11 -91 -25 -81 -97 -33 25 -30 -90 -55 -40 -71 -64 46 -50 -16 8 43 46 79 68 -38 90 34 57 31 -61 27 -40 -64 -8 -69 -52 -84 82 -11 -11 82 37 -48 92 21 -49 3 73 52 -16 -94 -93 -81 74 80 -86 29 -10 68 -53 7 41 12 -3 38 -9 70 -82 -93 18 -96 -78 -50 -95 -81 77 -70 8 99 -12 58 -72 53 -10 79 37 -71 94 -36 -43 -6 -50 38 -42 28 -50 -30 -78 -13
80 -28 -85 44 89 -62 -11 -34 -94 68 -40 15 68 -43 74 11 58 13 27 -31 94 16 -79 -7 -12 5 -17 -69 -29 -51 -82 -83 -82 -19 15 -90 97 15 90 27 57 -79 71 -18 27 -26 -6 -8 16 26 26 -63 66 -68 -25 -37 -23 88 -92 -58 -11 97 -53 -92 58 -89 -61 -21 -68 55 14 64 77 72 14 -12 10 -4 -53 -71 66 93 -48 59 -9 -38 45 44 42 50 52 -100 -66 76 -44 -18 -96 61 -79 9
-40 -35 67 2 78 53 32 28 -58 6 0 -36 90 -82 -48 98 83 6 75 53 -91 51 90 48 -92 80 -77 68 36 -78 -23 -5 1 74 -99 -5 -77 -92 49 87 -85 64 75 18 -16 -82 29 -77 -19 61 -26 25 -11 -33 41 -54 -53 71 57 -76 -28 -15 99 61 84 90 -24 -72 -27 76 13 67 -79 63 -10 57 5 -98 -92 -29 -88 53 65 24 35 75 5 35 -85 -68 -45 27 37 97 -76 -10 -10 -95 -43 15
25 -54 72 82 -78 59 -53 19 -5 69 26 -44 -17 76 83 74 36 21 92 62 86 94 10 -74 20 93 -92 4 -77 4 84 -45 -80 -21 58 -8 -47 53 -93 -52 11 -54 67 70 -71 -12 -82 77 87 -89 -16 25 38 61 9 30 -12 -32 -82 -8 65 -56 -85 -40 -31 -99 98 84 -87 87 68 -29 9 73 37 -49 -20 32 -48 -52 46 55 58 21 70 -96 44 -27 52 70 26 -90 -54 -68 84 82 -60 -65 -56 -25
-88 -90 -98 -87 82 71 64 39 -39 -87 -43 93 87 81 82 7 -2 -92 -13 -16 -86 36 63 34 -49 30 -7 -39 41 32 -75 30 -19 3 -12 84 -91 5 -90 -46 94 -65 65 -58 82 94 -14 49 -44 -92 -81 62 80 1 -51 22 -11 -10 -61 40 49 -65 41 -80 97 3 -50 91 99 41 54 8 34 -32 -75 -77 24 -93 20 84 92 50 1 57 -85 61 -85 82 63 21 -40 -16 -75 42 -97 -2 -87 -8 67 41
-27 49 7 -53 36 63 74 -16 41 57 -24 49 -36 -80 -79 44 -67 -29 28 91 80 32 65 -7 39 -69 47 -73 37 51 -79 95 -36 -26 91 -38 97 -15 -11 -31 -54 58 64 -34 32 74 -54 43 -1 30 20 -28 10 -78 2 32 54 -94 -9 -88 -57 60 -75 33 85 8 -65 87 60 22 -78 77 26 89 91 82 11 -56 -22 57 52 -51 78 -47 82 0 -84 68 -17 51 -4 -98 -98 6 43 -86 80 57 -93 4
-67 -75 -14 5 -50 -69 -21 -41 70 -28 -25 56 84 -33 -8 -6 -72 67 -87 67 50 -78 -96 3 -37 -23 -28 -75 60 -94 -2 -54 -80 -73 -70 62 76 -10 -60 5 96 12 -22 -91 12 -38 7 13 16 -36 -45 -93 98 -58 -63 -98 57 -30 90 -37 -21 -9 56 -60 41 42 5 90 40 38 68 -88 -13 -38 62 -27 -28 -56 -3 74 17 -96 30 15 -77 72 40 -40 34 95 42 -57 68 -53 9 89 -98 11 -62 -5
38 4 86 87 -99 -15 47 -41 -33 -97 -2 72 13 29 94 65 -87 -47 -90 -37 22 -56 -32 50 -13 12 -51 -33 33 -28 -88 -76 24 -47 81 -16 -24 -36 74 -21 -73 -33 -62 -20 -90 -53 60 8 96 -5 19 48 -19 -85 22 -14 76 -86 45 -63 21 67 -57 -18 23 89 86 78 -19 -61 -11 -16 94 -83 -37 -50 71 -84 34 -50 90 -5 -87 64 29 28 -47 -11 11 -79 7 -80 -14 0 72 87 -86 -44 53 -47
-17 17 5 -62 -43 -65 84 41 -34 -42 0 -61 38 -32 73 40 52 -91 73 25 -92 8 -23 -9 78 19 -77 -45 66 -2 67 -63 -35 88 -47 59 -58 53 -85 24 6 36 -60 -55 83 83 58 8 88 -35 57 -33 -51 90 -71 0 11 69 50 21 35 -75 -50 65 64 49 -78 79 64 2 -26 -78 52 -42 -7 55 16 -23 -58 -7 -30 -99 -19 66 -66 94 -80 -89 30 -99 -35 -56 51 -22 19 38 -85 60 86 -12
96 38 98 70 7 4 -41 31 42 8 5 -44 -80 -33 -32 -53 58 -71 -81 62 -30 84 12 84 -45 25 38 -31 -72 -39 44 65 -79 -38 10 -93 -20 44 -44 -52 -90 -88 77 -94 13 62 92 -67 16 -41 41 -2 30 -58 74 -13 26 -92 77 -57 17 17 -77 -27 -96 90 -90 -30 -20 87 -6 -19 -86 -16 97 -94 -39 98 29 -27 -88 -73 53 67 83 5 20 41 69 -50 -6 -62 -83 -26 -54 37 31 33 16 -8
79 51 67 -81 -38 56 40 -47 25 8 16 99 -77 -51 -47 -42 74 85 15 28 21 64 -5 79 -58 -37 74 -81 28 8 99 -2 48 -15 -16 -45 -40 -49 -48 82 -48 18 -99 -53 -61 -66 -45 22 44 43 -8 42 12 2 -65 -92 1 87 14 72 -87 -6 -60 -1 -84 9 -72 24 53 -56 50 -95 55 -51 84 -82 33 -30 88 -68 50 27 31 -12 -27 73 32 18 -27 11 63 42 -81 2 -18 -63 -95 1 -35 -80
-82 -43 97 98 19 -12 51 -55 79 -44 -90 -66 1 -95 95 -99 -4 -88 -73 55 -31 -84 88 10 80 17 -61 -70 88 -69 -95 89 -69 57 -11 2 33 25 77 -42 -6 -88 75 23 -81 13 -94 -63 -92 -47 74 38 23 0 69 89 -29 4 92 85 14 -32 74 9 73 -63 61 -96 -55 -23 61 10 -6 4 30 -55 -47 79 -27 73 -8 -46 23 32 71 -60 30 -54 34 -53 43 -88 -52 -11 79 -22 -75 -80 41 -87
4 5 -68 -51 -18 -41 -7 -51 -41 64 76 11 -61 -41 34 58 65 2 -80 78 11 31 -40 67 37 54 -92 32 18 76 -53 91 54 13 -84 -34 -71 -29 31 86 -79 37 3 50 -77 -96 47 51 -77 61 -10 78 91 45 -59 -46 41 0 62 -75 15 67 27 -15 55 71 59 14 95 -44 18 -65 -65 4 -75 -13 -38 70 33 -72 -94 0 58 -13 85 -61 -29 -31 -85 86 -33 34 32 -89 -17 69 -6 -30 -21 99
42 87 56 77 15 -48 37 86 3 5 -28 -3 -64 65 23 -43 8 51 67 -32 -96 -31 72 -8 -36 -8 -10 99 76 -28 -52 0 -38 -69 -89 -31 52 15 -58 -9 83 -11 -86 -4 29 -13 88 56 83 -66 -21 74 -96 36 -16 -69 36 -28 25 -60 -14 93 -19 -79 -7 71 38 -31 -62 51 -87 3 69 52 73 78 48 81 7 -11 -65 0 62 52 63 9 16 98 -68 -74 -34 56 25 82 39 -24 -7 65 76 79
56 -31 17 25 22 -40 -87 13 49 89 -53 56 -71 32 -28 -36 -22 -60 -98 86 15 -78 60 -42 4 -50 32 -16 65 41 -32 55 -39 -47 -50 90 14 -15 38 -40 46 66 7 -71 -53 -7 -6 -26 69 -62 60 75 63 11 31 -76 35 11 96 38 93 -38 -11 83 58 -3 -99 86 -35 -54 -88 10 -54 65 88 37 -45 50 -74 -67 52 -81 6 40 -48 -80 66 -30 -62 64 30 2 31 -100 -90 19 84 15 -56 85
10 27 10 19 -77 77 -39 -19 -48 -5 98 -8 -11 63 26 19 96 60 -53 -24 2 -96 14 -24 61 -81 22 52 -3 -25 -56 -39 -56 66 8 2 -97 -43 63 48 20 -71 -91 -64 -77 36 -49 -23 31 15 3 82 3 -19 -98 73 53 4 95 1 45 -97 -92 -61 7 -67 -21 -99 39 6 54 -29 18 44 6 -88 -3 22 -86 49 -38 12 -85 -14 11 -47 30 -87 -59 -26 7 -66 38 32 96 -59 -37 -70 38 29
-36 -50 23 99 27 90 -95 5 49 -40 -12 -40 -8 -8 77 -90 61 20 3 -20 -11 -14 91 9 -40 95 -73 90 58 -44 -84 62 66 10 -95 71 -56 -60 -79 -78 53 78 56 -23 6 -22 58 -72 -74 82 17 -72 20 29 50 66 -56 0 40 1 -75 -39 -4 46 21 -59 -64 -40 -47 81 -4 0 33 -92 -29 -34 -84 96 99 -77 75 40 46 77 -11 -43 -26 -90 -81 -64 97 -76 40 80 85 88 97 23 32 14
71 -28 -50 52 -48 44 -64 -25 61 50 -86 45 35 75 76 56 89 81 -35 46 34 80 72 -57 41 -31 -56 -62 58 55 69 78 72 2 69 -69 -18 81 -1 72 75 39 -84 28 -90 88 -7 -36 -95 -70 -12 10 -13 27 69 82 36 -20 24 45 52 -79 64 80 33 -90 22 33 -46 -64 39 -27 -43 -82 90 0 91 26 -3 75 -90 25 -56 82 85 -78 -53 12 54 50 -52 27 96 -100 -10 76 -9 -75 83 30
78 53 53 56 -24 -9 8 81 -92 44 18 -53 -24 -12 40 97 -63 47 -29 -64 -91 53 79 37 -99 -42 -2 -55 61 -44 -38 -89 -86 69 -57 -66 18 77 -16 -48 -81 72 -3 -84 -76 -55 -8 33 -86 79 41 -41 66 -78 58 78 0 24 -71 46 -15 23 60 29 -21 2 17 43 62 89 61 -65 76 -95 61 63 38 17 89 -37 -91 -42 -64 99 79 49 58 98 43 15 -10 31 -64 -95 -18 -99 15 -71 -29 -8
48 69 -27 27 -89 86 57 -70 -77 78 52 -50 36 -4 -9 91 86 26 73 -64 -3 80 41 65 -6 52 12 -88 82 64 -72 -52 69 -66 74 43 -89 85 88 91 -25 -81 -54 65 -49 3 -35 98 31 -3 -34 18 -89 -1 63 58 -60 -12 -99 53 22 29 16 37 23 -12 -14 -86 79 -53 41 -43 25 -33 92 -84 -68 66 -51 72 -12 -8 -63 -64 -1 77 78 29 -66 -53 64 68 -50 98 -86 -26 22 -21 -10 -41
-79 -96 17 -10 23 8 11 75 -49 61 -88 72 64 -16 76 73 88 -57 47 79 -44 39 94 40 46 16 50 16 57 -95 13 -8 -8 46 -85 32 77 -32 83 14 82 88 26 72 24 -55 23 82 -64 37 87 61 -12 29 -90 91 10 -59 34 29 -39 -36 -52 -26 74 75 -82 -71 -57 63 70 13 -49 -83 -85 76 -34 -22 -75 -99 -53 -31 -21 73 -5 5 -70 54 64 76 -32 29 57 98 28 -60 66 38 10 22
43 -1 94 -16 54 51 -76 22 33 -57 -41 -22 -62 36 -90 -83 18 -79 -96 -51 -44 -80 -29 -68 21 -4 30 -13 -74 -10 23 88 -76 -25 -54 95 -21 13 27 -96 -28 27 -58 -38 -14 -12 -33 20 46 -90 -39 58 -27 -40 -93 91 37 21 86 98 -96 41 51 32 -72 59 66 -26 -77 -3 26 95 -99 -55 28 -25 52 89 93 -79 53 -23 -69 28 -62 34 42 -20 -23 11 18 93 -34 -16 54 15 -4 75 -47 -96
-38 4 16 50 5 -66 -45 -58 52 -4 22 -50 -69 12 -83 -30 -25 -28 51 86 -43 -88 36 26 -35 -8 23 6 52 -51 -74 83 15 -63 -47 -74 -19 -24 -87 19 -18 -1 57 -92 1 50 -59 48 96 63 -88 13 -56 62 -5 47 -26 56 -8 -74 -9 3 81 -47 74 -92 -86 41 -50 0 77 16 42 -70 -60 -11 -73 51 74 -61 39 77 86 -15 9 23 54 -75 51 -84 -91 -90 -24 -71 44 11 -9 33 -40 -15
-16 -64 -38 19 17 -83 96 -79 95 -72 -34 -62 14 60 -77 68 25 31 2 -37 52 -84 -31 -8 33 -90 -3 50 1 34 -13 -87 -7 -70 -49 77 -89 -73 -77 42 27 60 0 69 -33 -24 -56 17 32 -10 33 -26 88 13 98 -45 -24 -23 -47 16 -23 -52 -28 53 47 -75 -53 -36 32 -37 -63 -31 -49 -86 76 -100 -93 38 33 42 31 -55 68 -7 -55 -73 -4 -48 -51 32 -26 -23 7 -20 -24 75 -8 -96 -24 -30
60 17 10 38 59 -10 -86 -80 -36 4 -45 31 3 -63 59 1 40 -94 88 13 -81 -15 12 -37 -70 -39 -82 4 15 -20 -38 -12 -81 -83 -97 -82 -72 60 -73 -40 -44 15 -12 53 -53 16 -79 -53 -75 85 -35 22 -94 -68 -75 -99 -74 42 -87 -29 -78 37 -35 80 56 -38 -16 -100 47 -57 69 -24 72 63 29 60 -24 -47 24 88 -55 5 59 -70 8 -60 -97 -35 52 73 16 -4 87 -8 -33 25 64 -3 -30 -75
-41 -88 -72 -25 -36 -47 34 0 -32 -86 31 -58 18 82 -99 -8 -59 67 50 -30 0 -77 -15 51 65 -93 2 42 -31 99 11 42 96 -61 -6 -32 21 31 -64 -24 -83 -52 82 -20 47 -79 44 -71 24 -17 25 -98 -94 -7 31 -83 93 -6 6 59 96 45 90 -66 -73 37 -17 -50 -13 -85 -8 3 72 49 93 22 71 -56 -58 0 75 -69 93 92 -46 9 58 -25 87 -21 65 44 27 -75 -81 63 -14 -42 35 -40
-49 -84 -49 68 35 -48 -53 -85 -23 97 25 9 -36 50 -98 26 -53 44 -34 -50 -53 47 8 -16 89 -66 -55 -63 -38 40 -14 97 13 26 -36 56 92 -31 -45 30 14 8 -62 68 5 0 -24 97 72 -40 -46 -65 -4 -49 50 -15 -70 -30 87 85 -34 42 -7 -13 22 66 88 22 73 32 6 80 81 -19 39 -51 89 45 30 -5 90 15 -48 -5 18 -93 77 62 -77 -71 -80 54 51 37 -33 96 -82 -46 14 -5
-93 -88 -40 -43 -19 -84 2 68 33 -56 42 62 46 8 -2 -72 13 -16 14 26 -67 2 -86 -22 -30 62 29 -64 51 3 -44 -18 17 -67 -39 99 44 13 1 65 -30 -27 -55 -84 44 64 93 13 63 -40 60 -32 -82 51 65 -62 61 -78 -75 -67 -23 -13 30 35 -98 91 61 9 42 -89 -86 23 4 -81 -43 22 -59 83 62 7 55 -3 -29 -40 8 -35 -15 -34 -100 -77 11 -2 -8 82 85 34 17 -97 -78 81
3 -15 12 53 -93 81 -68 5 22 96 24 42 -78 84 -37 45 41 -22 47 -33 35 77 2 45 34 -39 -67 8 56 43 -79 -63 98 21 81 95 50 97 92 -11 -15 99 -91 21 -19 -36 23 -21 -90 57 73 -38 -31 -45 52 34 -84 86 -74 25 -4 -6 48 -4 13 80 46 -90 -1 -55 18 67 -64 43 -10 -86 -21 24 79 -31 -46 84 -47 -10 37 -39 -18 76 34 -72 -73 51 84 -84 69 -14 -56 61 -12 86
-60 96 21 48 72 -66 -87 -59 93 6 98 -25 -65 -37 -32 -29 -23 79 84 11 11 23 -36 72 -55 -37 -35 -70 -35 -99 -16 67 72 -97 85 16 6 -63 -60 99 -8 94 46 -86 14 -48 61 29 -14 -40 -62 5 71 -40 63 69 -56 -10 -24 3 -62 54 28 -47 -47 19 51 -52 63 60 -56 68 93 -99 15 -57 -60 37 30 33 -46 43 11 4 90 34 -17 47 84 32 -10 -41 13 -57 11 40 -27 -67 -90 -63
6 -47 -47 -70 -15 60 -37 78 48 21 29 30 -11 -52 -45 -11 79 -22 -62 -46 -77 81 50 23 1 57 57 38 96 -89 -87 -40 18 80 -76 -6 95 -14 -17 -73 93 10 -5 71 -14 -91 -18 77 43 49 12 75 -98 -55 -7 -63 55 -94 -91 -22 -73 58 2 -67 3 90 10 99 -82 86 -49 -22 -89 -78 78 -54 40 99 97 -34 26 -86 8 59 -45 75 9 -12 28 -19 -60 74 -36 -89 -2 86 -61 92 9 12
-91 90 -3 29 87 18 88 75 -72 -20 -73 81 -77 88 66 -27 -86 -48 -69 43 39 3 43 99 0 -8 11 85 -91 72 -92 91 -99 -13 51 5 -57 -18 38 -52 1 90 59 -20 -90 83 62 42 19 26 -24 -84 17 63 -10 37 -100 -34 -61 88 60 -58 7 69 -62 3 -57 -14 60 -23 -23 18 58 92 34 62 -100 -68 -48 62 -73 -12 13 -33 75 -56 -96 21 -84 21 -40 2 -71 41 53 -95 -14 77 -74 23
23 -76 17 15 53 -32 16 47 -91 92 12 25 -27 -27 -90 82 39 -98 35 -72 73 -27 65 -47 11 -87 11 -81 96 -79 91 -13 58 -83 93 21 -1 58 67 -64 43 7 5 8 56 82 -99 70 94 -28 37 -10 -77 -53 -100 64 -92 -14 -1 26 65 4 91 -27 90 66 -5 86 -74 -78 -50 5 75 -76 72 -49 -41 -4 -55 80 14 42 86 -60 -94 39 61 28 79 40 -7 11 79 75 91 -19 -67 77 -93 -81
69 -13 47 4 97 -61 27 33 -94 -24 -82 91 80 67 -30 -68 -93 -68 -71 -52 -42 84 32 70 73 47 -32 51 12 39 -20 58 78 -1 -29 -35 -18 56 -98 41 9 -15 28 5 1 54 -32 -67 -69 -62 81 8 -69 -59 25 -47 28 83 16 -97 21 36 46 4 45 -22 63 81 15 25 -100 66 48 36 3 53 -95 -73 -92 28 -60 35 55 62 -56 1 26 90 27 95 -62 -43 -68 -23 -45 9 47 86 0 67
76 19 -85 -7 -30 -12 96 -8 11 57 -23 87 24 -64 21 -72 46 -2 -60 65 -96 -37 -92 23 36 -10 92 10 98 87 -29 -24 -76 -89 -95 46 -49 3 -54 -6 20 -98 11 77 -5 92 71 -14 -28 6 12 -16 73 -24 -90 -65 -50 82 -26 78 -16 32 -8 -5 -49 94 -75 -27 70 28 21 -19 -7 98 83 -79 8 -46 -5 55 36 -6 -35 48 -5 19 -40 -45 -87 47 46 8 92 -78 32 -58 -39 -46 -81 2
-68 -75 -78 54 -7 -77 -20 -81 -75 58 -100 22 55 51 -84 21 6 -70 -22 1 65 -84 -80 85 -79 20 69 -44 -100 -91 -10 -42 2 77 -15 22 -55 -48 -65 81 -21 52 -60 50 75 -48 1 33 -73 -100 64 -47 69 -14 -99 27 53 14 76 -84 53 -54 -39 -49 66 -91 21 -89 -35 21 -29 -11 32 59 -7 -36 -62 63 23 -95 -43 -49 -66 -69 97 -49 64 -54 -67 85 98 35 49 53 16 36 -87 -99 -52 27
-76 -84 39 -92 -55 -80 -18 -30 41 -82 37 -56 85 51 95 85 5 92 29 -33 93 73 -50 -81 17 -46 67 -35 -87 -61 -12 -89 31 90 -65 -13 18 -81 -68 57 -38 -68 -80 -44 45 -51 85 -84 33 34 36 -71 75 -60 -95 -40 12 38 23 -38 -44 87 91 -63 24 -57 -89 38 96 62 38 86 62 72 71 58 -10 56 50 89 21 70 -74 -43 75 -38 52 23 96 -68 -35 -63 64 -87 96 20 67 80 -51 82
26 -56 42 -86 -61 36 -20 77 -13 12 -31 30 -37 -51 22 -65 51 -68 35 -7 88 -82 85 -23 -20 14 65 -68 -68 89 80 98 -94 -72 -37 42 -49 -37 64 34 63 77 82 -3 77 -80 -67 -66 -27 53 -21 -16 71 -69 -74 66 -36 -57 22 65 28 25 -44 51 -51 47 -42 99 55 -7 97 -76 96 31 -73 -72 86 -13 64 -20 -40 10 -54 87 64 65 -62 -73 41 -38 69 -18 95 -95 -31 -15 -33 -68 46 -4
85 40 45 7 -83 78 -89 -5 71 -47 1 6 -42 32 20 16 -2 -88 -6 -34 -69 -80 92 70 -46 35 64 70 15 -2 -82 -94 39 -30 85 71 23 84 -13 -23 7 8 -60 7 93 6 86 -20 35 -43 39 52 74 -84 -56 -77 80 99 -17 62 -38 -77 -23 -74 -73 38 29 -79 -92 -61 -7 11 48 -93 -61 94 -63 1 20 -89 57 25 -62 -35 91 59 -29 -70 84 67 -60 31 42 6 -75 -40 -75 -28 -59 77
87 -19 -27 -20 30 69 7 89 21 21 -90 1 -98 56 -15 -2 69 85 -38 48 -67 26 13 61 -15 -89 -68 80 78 -53 74 -14 30 -76 -99 89 39 95 -63 79 -53 19 -89 25 65 71 -57 22 94 -70 -54 -90 -93 62 69 50 -18 45 84 19 47 -74 19 -13 82 72 28 51 74 -55 -6 -46 28 52 -63 -15 21 1 80 -27 99 -80 41 99 26 25 2 55 -40 -56 -5 -55 -72 -1 -76 -79 -55 92 75 80
